401101001111110011001
411101001111010011110
401111000100010000111
411101001100110011110
411111000111010001111
411111000111010001000
401111000101110010111
410011001111110011001
111111
400010001000110010110
410011010110010101001
3100100100100111
410011111100110011001
410011001110110111001
401101001100110010110
411101001111010001000
401101001100110110111
411101001111010101001
401111000011000011110
3111010010010010
410011001100110011111
410011001100110010110
410011001100111110110
410011001011001101001
3101101111010010
411110001001001001111