5000000000001111100011000110001011110000000000
5100001000011110100011000110001111100000000000
5000000000001111100001000010000011110000000000
5000010000101111100011000110001011110000000000
5000000000001110100011111010000011110000000000
5000000000001110100011000011110100001000010000
5000000000001110100011000101111000011000101110
5100001000011110100011000110001100010000000000
1101111100
5000000000001110100010000100001000011000101110
4100010011010110010101001100100000000
1111111100
5000000000001110101011010110101101010000000000
5000000000011110100011000110001100010000000000
5000000000001110100011000110001011100000000000
5000000000001110100011000111110100001000010000
6000000000000011100100010100010011110000010000010000011
5000000000001110100011000010000100000000000000
5000000000001111100000111000001111100000000000
5100001000011110100001000010000011110000000000
5000000000010001100011000110001011100000000000
5000000000010001100011000101010001000000000000
5000000000010101101011010110101010100000000000
5000000000010001010100010001010100010000000000
5000000000010001100011000101111000011000101110
5000000000011111000100010001000111110000000000