401101001100111111001
411101001111010011110
3011100100100011
411101001100110011110
3111100111100111
3111100111100100
401111000101110010111
410011001111110011001
3111010010010111
400110001000110010110
410011010110010101001
3100100100100111
51000111011101011000110001
410011101101110011001
401101001100110010110
411101001100111101000
401101001100110010111
411101001100111101001
401111000011000011110
3111010010010010
410011001100110010110
410011001101010100100
51000110101101011010101010
410011001011010011001
410011001011100010110
3111001010100111