50111010001100011111110001
51111010001111101000111110
50111110000100001000001111
51111001001010010100111110
50111110000111101000001111
50111110000111101000010000
50111110000101111000101111
51000110001111111000110001
3111010010010111
3011001001101011
51000110010101001101010001
410001000100010001111
51000111011101011000110001
51000111001101011001110001
50111010001100011000101110
51111010001100011111010000
50111010001100011001001101
51111010001100011111010001
50111110000011100000111110
51111100100001000010000100
51000110001100011000101110
51000110001100010101000100
51000110001100011010101010
51000101010001000101010001
51000101010001000010000100
51111100010001000100011111