4011010011001111110011001
4111010011110100110011110
4011010011000100010010110
4111010011001100110011110
4111110001000111010001111
4111110001000111010001000
4011010011000101110010110
4100110011001111110011001
1111111
4001100010001000110010110
4100110011001111010011001
4100010001000100010001111
5100011101110101100011000110001
4100110011101101110011001
4011010011001100110010110
4111010011001111010001000
5011001001010010100101001001101
4111010011001111010011001
4011110000100001000011110
5111110010000100001000010000100
4100110011001100110010110
5100011000101010010100101000100
7100100110010011001001100100110010010110110
4100110011001011010011001
5100011000101010001000010000100
4111100010010010010001111